Matrix Vector Multiplication of [20000,20000] X [20000]
 Execution: 0.140000 sec 
MFLOPS/sec : 2857.142857
