Matrix Vector Multiplication of [20000,20000] X [20000]
 Execution: 0.150000 sec 
MFLOPS/sec : 2666.666667
